>> tables.cpt

ans =

     1     0
     0     1
     0     1
     1     0


ans =

    0.2633    0.1904    0.1769    0.1641    0.1182    0.0655    0.0216
    0.1159    0.1414    0.1283    0.1261    0.1657    0.1548    0.1677


ans =

    0.3373    0.6627
    0.9802    0.0198


ans =

    0.5949    0.4051
    0.7509    0.2491


ans =

    0.1481    0.8519


ans =

    0.8788    0.1212
    0.5888    0.4112
    0.0528    0.9472
    0.1587    0.8413


ans =

    0.5028    0.4972


ans =

    0.4820    0.5180


ans =

    0.5022    0.4978
